RidgeCV(alphas=array([1.00000000e-04, 1.32571137e-04, 1.75751062e-04, 2.32995181e-04,
       3.08884360e-04, 4.09491506e-04, 5.42867544e-04, 7.19685673e-04,
       9.54095476e-04, 1.26485522e-03, 1.67683294e-03, 2.22299648e-03,
       2.94705170e-03, 3.90693994e-03, 5.17947468e-03, 6.86648845e-03,
       9.10298178e-03, 1.20679264e-02, 1.59985872e-02, 2.12095089e-02,
       2.81176870e-02, 3.72759372e-0...
       8.68511374e-02, 1.15139540e-01, 1.52641797e-01, 2.02358965e-01,
       2.68269580e-01, 3.55648031e-01, 4.71486636e-01, 6.25055193e-01,
       8.28642773e-01, 1.09854114e+00, 1.45634848e+00, 1.93069773e+00,
       2.55954792e+00, 3.39322177e+00, 4.49843267e+00, 5.96362332e+00,
       7.90604321e+00, 1.04811313e+01, 1.38949549e+01, 1.84206997e+01,
       2.44205309e+01, 3.23745754e+01, 4.29193426e+01, 5.68986603e+01,
       7.54312006e+01, 1.00000000e+02]),
        cv=5)